 Optimal results with x0 =   0.17999999999999999
 optim_recovery =    75.478813727231056
 optim_purity =    82.000000000000000
