 Optimal results with x0 =    5.0000000745058060E-002
 optim_recovery =    94.639898767850838     
 optim_purity =    90.100000000000009     
