 Optimal results with x0 =    9.9999997764825821E-002
 optim_recovery =    95.194747053219061     
 optim_purity =    90.000000223517418     
