 Optimal results with x0 =   0.16999999992549419     
 optim_recovery =    97.888614534649989     
 optim_purity =    95.218627364475196     
